# The Initial Results of BPAs for Fault Types

## ***1)Initial BPAs of Normal Type<br>***
**The BPAs of motor data**

| Test Set |   F1   |       F2      |     F3      |       F4      |   F5   |      F6      |       F7      | Result |
|----------|--------|---------------|-------------|---------------|--------|--------------|---------------|--------|
|    1     | 0.98593|    0.00246    |   2.02E-05  |    4.79E-08   | 0.00763|   0.00396    |   1.88E-06   |   **F1**   |
|    2     | 0.00114|    0.00073    |   2.83E-08  |    0.00023    | 0.50101|   0.4969     |   7.98E-11   |   **F5**   |
|    3     | 0.94018|    0.0005     |   1.87E-07  |    0.01058    | 0.04241|   0.00633    |   1.31E-09   |   **F1**   |
|    4     | 0.87084|    0.10511    |   2.19E-02  |    6.31E-05   | 0.0006 |   1.67E-05   |   1.48E-03   |   **F1**   |
|    5     | 0.97166|    0.00380    |   3.92E-05  |    5.8E-08    | 0.00305|   0.02146    |   2.96E-09   |   **F1**   |
| Average  | 0.75395|    0.02252    |   0.00439   |    0.00217    | 0.11094|   0.10573    |   0.0003     |   **F1**   |

**The BPAs of vibration data**

| Test Set |   F1   |       F2      |     F3      |       F4      |   F5   |      F6      |       F7      | Result |
|----------|--------|---------------|-------------|---------------|--------|--------------|---------------|--------|
|    1     | 0.63043|    0.02357    |   0.02441   |    0.01082    | 0.0487 |   0.21248    |   0.04959    |   **F1**   |
|    2     | 0.56751|    0.01723    |   0.04979   |    0.01406    | 0.05889|   0.25119    |   0.04134    |   **F1**   |
|    3     | 0.01102|    0.1004     |   0.13402   |    0.10125    | 0.38754|   0.02608    |   0.23969    |   F5   |
|    4     | 0.31487|    0.14142    |   0.11487   |    0.06455    | 0.09208|   0.11416    |   0.15805    |   **F1**   |
|    5     | 0.41882|    0.05119    |   0.04467   |    0.02279    | 0.12237|   0.23798    |   0.10219    |   **F1**   |
| Average  | 0.38853|    0.06676    |   0.07355   |    0.04269    | 0.14191|   0.16838    |   0.11817    |   **F1**   |

## ***2)Type 2 (Rolling pin wear(9mm))<br>***
**The BPAs of motor data**

| Test Set |    F1   |    F2   |     F3     |      F4     |     F5      |      F6     |     F7      | Result |
|----------|---------|---------|------------|-------------|------------|-------------|------------|--------|
|    1     | 0.08638 | 0.90320 | 0.01037    | 2.15E-06    | 5.65E-08    | 3.64E-05    | 1.27E-10    |   F2   |
|    2     | 0.29171 | 0.00031 | 0.03818    | 2.38E-03    | 0.667      | 1.73E-06    | 2.63E-05    |   F5   |
|    3     | 4E-05   | 0.87117 | 2E-05      | 7.14E-07    | 0.129      | 9.49E-05    | 3.53E-08    |   F2   |
|    4     | 0.34865 | 0.3549  | 1.88E-05   | 1.41E-07    | 0.296      | 2.79E-12    | 4.08E-05    |   F2   |
|    5     | 0.00025 | 0.59173 | 0.40794    | 7.10E-07    | 4.15E-05    | 9.43E-06    | 2.26E-05    |   F2   |
| Average  | 0.14541 | 0.54426 | 0.09131    | 0.00048     | 0.2185     | 2.85E-05    | 1.8E-05     |   F2   |

**The BPAs of vibration data**

| Test Set |    F1   |    F2   |     F3     |      F4     |     F5      |      F6     |     F7      | Result |
|----------|---------|---------|------------|-------------|------------|-------------|------------|--------|
|    1     | 0.00206 | 0.27046 | 0.21011    | 0.0895      | 0.23721    | 0.00399     | 0.18668    |   F2   |
|    2     | 0.00311 | 0.19419 | 0.23690    | 0.10321     | 0.32976    | 0.00251     | 0.13033    |   F5   |
|    3     | 0.03380 | 0.22593 | 0.22878    | 0.19659     | 0.10742    | 0.06952     | 0.13796    |   F3   |
|    4     | 0.01118 | 0.17228 | 0.16377    | 0.24981     | 0.15730    | 0.00541     | 0.24026    |   F4   |
|    5     | 0.02225 | 0.22182 | 0.21580    | 0.05342     | 0.19761    | 0.20296     | 0.08613    |   F2   |
| Average  | 0.01448 | 0.21693 | 0.21107    | 0.13851     | 0.20586    | 0.05688     | 0.15627    |   F2   |

## ***3)Type 3 (Rolling pin wear(8mm))<br>***
**The BPAs of motor data**

| Test Set |    F1   |    F2   |     F3     |      F4     |     F5      |      F6     |     F7      | Result |
|----------|---------|---------|------------|-------------|------------|-------------|------------|--------|
|    1     | 3.13E-06 | 0.00022 | 0.94286    | 0.00633     | 0.03786    | 4.30E-08    | 0.01273    |   F3   |
|    2     | 7.78E-06 | 0.02892 | 0.93019    | 0.00611     | 0.02432    | 3.69E-08    | 0.01045    |   F3   |
|    3     | 1.07E-08 | 0.00149 | 0.39408    | 0.36453     | 0.23962    | 4.98E-06    | 0.00027    |   F3   |
|    4     | 3.16E-06 | 0.12311 | 0.39284    | 0.00084     | 0.46366    | 8.21E-06    | 0.01953    |   F5   |
|    5     | 0.00011  | 9.83E-05 | 0.94221  | 0.00496     | 0.05127    | 1.17E-08    | 0.00136    |   F3   |
| Average  | 2.45E-05 | 0.03077 | 0.72044    | 0.07655     | 0.16335    | 2.66E-06    | 0.00887    |   F3   |

**The BPAs of vibration data**

| Test Set |    F1   |    F2   |     F3     |      F4     |     F5      |      F6     |     F7      | Result |
|----------|---------|---------|------------|-------------|------------|-------------|------------|--------|
|    1     | 0.00239 | 0.19976 | 0.18810    | 0.18902     | 0.19886    | 0.00514     | 0.21674    |   F7   |
|    2     | 0.02720 | 0.21684 | 0.22689    | 0.19056     | 0.10487    | 0.11149     | 0.12215    |   F3   |
|    3     | 0.01663 | 0.19233 | 0.22022    | 0.20226     | 0.15443    | 0.03695     | 0.17719    |   F3   |
|    4     | 0.00668 | 0.23469 | 0.33623    | 0.0206      | 0.33198    | 0.02426     | 0.04556    |   F3   |
|    5     | 0.00497 | 0.18959 | 0.20106    | 0.09134     | 0.34506    | 0.00896     | 0.15902    |   F5   |
| Average  | 0.01157 | 0.20664 | 0.2345     | 0.13876     | 0.22704    | 0.03736     | 0.14413    |   F3   |
## ***4)Type 4 (Rolling pin wear(7mm))<br>***
**The BPAs of motor data**

| Test Set |    F1   |    F2   |     F3     |      F4     |     F5      |      F6     |     F7      | Result |
|----------|---------|---------|------------|-------------|------------|-------------|------------|--------|
|    1     | 2.02E-08 | 0.00095 | 0.00013    | 0.19133     | 0.02435    | 0.20974     | 0.57350    |   F7   |
|    2     | 1.19E-07 | 0.00293 | 4.99E-09   | 0.50109     | 0.00089    | 0.00019     | 0.49490    |   F4   |
|    3     | 6.14E-05 | 0.00214 | 4.43E-05   | 0.57892     | 0.41623    | 0.00129     | 0.00131    |   F4   |
|    4     | 3.04E-07 | 0.07844 | 0.00014    | 0.45978     | 0.45629    | 0.00528     | 6.97E-05   |   F4   |
|    5     | 0.00021  | 0.00031 | 3.54E-05   | 0.73766     | 0.14622    | 0.00037     | 0.11519    |   F4   |
| Average  | 5.52E-05 | 0.01696 | 7.06E-05   | 0.49376     | 0.20880    | 0.04338     | 0.23699    |   F4   |

**The BPAs of vibration data**

| Test Set |    F1   |    F2   |     F3     |      F4     |     F5      |      F6     |     F7      | Result |
|----------|---------|---------|------------|-------------|------------|-------------|------------|--------|
|    1     | 0.03603 | 0.25574 | 0.19774    | 0.09939     | 0.19223    | 0.01936     | 0.19951    |   F2   |
|    2     | 0.04057 | 0.18086 | 0.18454    | 0.21013     | 0.14052    | 0.05238     | 0.191      |   F4   |
|    3     | 0.02087 | 0.19218 | 0.19552    | 0.19095     | 0.15393    | 0.03398     | 0.21258    |   F7   |
|    4     | 0.06801 | 0.09197 | 0.07605    | 0.13856     | 0.05917    | 0.37729     | 0.18895    |   F6   |
|    5     | 0.00615 | 0.22823 | 0.18084    | 0.25312     | 0.10314    | 0.01394     | 0.21459    |   F4   |
| Average  | 0.03432 | 0.1898  | 0.16694    | 0.17843     | 0.1298     | 0.09939     | 0.20133    |   F7   |
## ***5)Type 5 (Door deformation (V-shaped of 5mm))<br>***
**The BPAs of motor data**

| Test Set |    F1   |    F2   |     F3     |      F4     |     F5      |      F6     |     F7      | Result |
|----------|---------|---------|------------|-------------|------------|-------------|------------|--------|
|    1     | 4.26E-05 | 0.26922 | 1.12E-07   | 0.16556     | 0.52906    | 0.03524     | 0.00088    |   F5   |
|    2     | 0.10377  | 0.00024 | 0.78      | 0.08527     | 0.00028    | 0.00472     | 0.02604    |   F3   |
|    3     | 5.34E-05 | 0.25141 | 1.28E-04   | 0.01072     | 0.71021    | 0.02730     | 0.00018    |   F5   |
|    4     | 0.00011  | 1.64E-06 | 8.24E-02  | 0.44957     | 0.44975    | 0.01803     | 8.98E-05   |   F5   |
|    5     | 0.00089  | 0.01572 | 0.489     | 3.17E-06    | 0.49327    | 0.00046     | 0.00041    |   F5   |
| Average  | 0.02097  | 0.10732 | 0.27030   | 0.14222     | 0.43652    | 0.01715     | 0.00552    |   F5   |

**The BPAs of vibration data**

| Test Set |    F1   |    F2   |     F3     |      F4     |     F5      |      F6     |     F7      | Result |
|----------|---------|---------|------------|-------------|------------|-------------|------------|--------|
|    1     | 0.37283 | 0.02243 | 0.01784    | 0.00901     | 0.39612    | 0.05947     | 0.1223     |   F5   |
|    2     | 0.01376 | 0.22215 | 0.20225    | 0.07364     | 0.30207    | 0.04820     | 0.13794    |   F5   |
|    3     | 0.02431 | 0.01284 | 0.00774    | 0.01013     | 0.31492    | 0.05010     | 0.57997    |   F7   |
|    4     | 0.1153  | 0.10179 | 0.07658    | 0.13474     | 0.11994    | 0.07405     | 0.37761    |   F7   |
|    5     | 0.00725 | 0.21281 | 0.21898    | 0.13718     | 0.27952    | 0.00803     | 0.13623    |   F5   |
| Average  | 0.10669 | 0.1144  | 0.10468    | 0.07294     | 0.28251    | 0.04797     | 0.27081    |   F5   |
## ***6)Type 6 (Lateral interference of bottom pin)<br>***
**The BPAs of motor data**

| Test Set |    F1   |    F2   |     F3     |      F4     |     F5      |      F6     |     F7      | Result |
|----------|---------|---------|------------|-------------|------------|-------------|------------|--------|
|    1     | 2.85E-06 | 0.00295 | 0.41225    | 0.03534     | 0.00037    | 4.4E-05     | 0.54905    |   F7   |
|    2     | 4.91E-05 | 8.48E-08 | 7.43E-08  | 0.00057     | 9.141E-08  | 0.998       | 0.00105    |   F6   |
|    3     | 2.87E-06 | 1.57E-07 | 2.69E-06  | 0.00019     | 8.47E-12   | 0.567       | 0.43277    |   F6   |
|    4     | 0.00804  | 0.08606 | 0.02802    | 3.14E-05    | 5.18E-12   | 0.878       | 5.87E-05   |   F6   |
|    5     | 0.04557  | 3.33E-10 | 0.00116   | 0.0113      | 5.74E-11   | 0.933       | 0.00905    |   F6   |
| Average  | 0.01073  | 0.0178  | 0.08829    | 0.00949     | 7.43E-05   | 0.67522     | 0.1984     |   F6   |

**The BPAs of vibration data**

| Test Set |    F1   |    F2   |     F3     |      F4     |     F5      |      F6     |     F7      | Result |
|----------|---------|---------|------------|-------------|------------|-------------|------------|--------|
|    1     | 0.02526 | 0.03095 | 0.07566    | 0.0067      | 0.06845    | 0.76112     | 0.03188    |   F6   |
|    2     | 0.03392 | 0.17758 | 0.15245    | 0.05782     | 0.17521    | 0.28467     | 0.11836    |   F6   |
|    3     | 0.01799 | 0.22094 | 0.2274     | 0.15828     | 0.16208    | 0.06892     | 0.14439    |   F3   |
|    4     | 0.09760 | 0.15291 | 0.12183    | 0.12065     | 0.2264     | 0.11358     | 0.16702    |   F5   |
|    5     | 0.04233 | 0.15544 | 0.1579     | 0.06851     | 0.15603    | 0.30003     | 0.11977    |   F6   |
| Average  | 0.04342 | 0.14756 | 0.14705    | 0.0824      | 0.15763    | 0.30566     | 0.11628    |   F6   |
## ***7)Type 7  (Roller failure)<br>***
**The BPAs of motor data**

| Test Set |    F1   |    F2   |     F3     |      F4     |     F5      |      F6     |     F7      | Result |
|----------|---------|---------|------------|-------------|------------|-------------|------------|--------|
|    1     | 0.00058 | 0.00038 | 0.0202     | 0.65471     | 7.82E-05   | 0.00338     | 0.32066    |   F4   |
|    2     | 0.01082 | 8.98E-05 | 0.00774   | 0.27002     | 4.13E-03   | 0.00468     | 0.70252    |   F7   |
|    3     | 0.0002  | 8.15E-05 | 0.00241   | 0.28275     | 1.26E-02   | 0.00821     | 0.69379    |   F7   |
|    4     | 0.0003  | 0.04768 | 0.30953   | 0.06427     | 1.84E-02   | 0.00147     | 0.55835    |   F7   |
|    5     | 5.03E-07 | 2.39E-05 | 8.42E-07 | 0.02306     | 3.48E-02   | 0.03092     | 0.91115    |   F7   |
| Average  | 0.00237 | 0.00965 | 0.06798   | 0.25896     | 0.014      | 0.00973     | 0.63729    |   F7   |

**The BPAs of vibration data**

| Test Set |    F1   |    F2   |     F3     |      F4     |     F5      |      F6     |     F7      | Result |
|----------|---------|---------|------------|-------------|------------|-------------|------------|--------|
|    1     | 0.03235 | 0.18424 | 0.1473     | 0.17673     | 0.22132    | 0.00709     | 0.23098    |   F7   |
|    2     | 0.21074 | 0.04734 | 0.09534    | 0.04311     | 0.38936    | 0.09898     | 0.11513    |   F5   |
|    3     | 0.03745 | 0.14895 | 0.17272    | 0.19853     | 0.19869    | 0.03251     | 0.21115    |   F7   |
|    4     | 0.01685 | 0.17796 | 0.22241    | 0.14908     | 0.22961    | 0.04121     | 0.16289    |   F5   |
|    5     | 0.02245 | 0.19657 | 0.12295    | 0.28504     | 0.07026    | 0.01094     | 0.29179    |   F7   |
| Average  | 0.06397 | 0.15101 | 0.15214    | 0.17050     | 0.22185    | 0.03815     | 0.20239    |   F5   |










