# The Initial Results of BPAs for Fault Types

## ***1)Initial BPAs of Normal Type<br>***
**The BPAs of motor data**

| Test Set |   F1   |       F2      |     F3      |       F4      |   F5   |      F6      |       F7      | Result |
|----------|--------|---------------|-------------|---------------|--------|--------------|---------------|--------|
|    1     | 0.98593|    0.00246    |   2.02E-05  |    4.79E-08   | 0.00763|   0.00396    |   1.88E-06   |   F1   |
|    2     | 0.00114|    0.00073    |   2.83E-08  |    0.00023    | 0.50101|   0.4969     |   7.98E-11   |   F5   |
|    3     | 0.94018|    0.0005     |   1.87E-07  |    0.01058    | 0.04241|   0.00633    |   1.31E-09   |   F1   |
|    4     | 0.87084|    0.10511    |   2.19E-02  |    6.31E-05   | 0.0006 |   1.67E-05   |   1.48E-03   |   F1   |
|    5     | 0.97166|    0.00380    |   3.92E-05  |    5.8E-08    | 0.00305|   0.02146    |   2.96E-09   |   F1   |
| Average  | 0.75395|    0.02252    |   0.00439   |    0.00217    | 0.11094|   0.10573    |   0.0003     |   F1   |

**The BPAs of vibration data**

| Test Set |   F1   |       F2      |     F3      |       F4      |   F5   |      F6      |       F7      | Result |
|----------|--------|---------------|-------------|---------------|--------|--------------|---------------|--------|
|    1     | 0.63043|    0.02357    |   0.02441   |    0.01082    | 0.0487 |   0.21248    |   0.04959    |   F1   |
|    2     | 0.56751|    0.01723    |   0.04979   |    0.01406    | 0.05889|   0.25119    |   0.04134    |   F1   |
|    3     | 0.01102|    0.1004     |   0.13402   |    0.10125    | 0.38754|   0.02608    |   0.23969    |   F5   |
|    4     | 0.31487|    0.14142    |   0.11487   |    0.06455    | 0.09208|   0.11416    |   0.15805    |   F1   |
|    5     | 0.41882|    0.05119    |   0.04467   |    0.02279    | 0.12237|   0.23798    |   0.10219    |   F1   |
| Average  | 0.38853|    0.06676    |   0.07355   |    0.04269    | 0.14191|   0.16838    |   0.11817    |   F1   |

## ***2)Type 2 (Rolling pin wear(9mm))<br>***
**The BPAs of motor data**

| Test Set |    F1   |    F2   |     F3     |      F4     |     F5      |      F6     |     F7      | Result |
|----------|---------|---------|------------|-------------|------------|-------------|------------|--------|
|    1     | 0.08638 | 0.90320 | 0.01037    | 2.15E-06    | 5.65E-08    | 3.64E-05    | 1.27E-10    |   F2   |
|    2     | 0.29171 | 0.00031 | 0.03818    | 2.38E-03    | 0.667      | 1.73E-06    | 2.63E-05    |   F5   |
|    3     | 4E-05   | 0.87117 | 2E-05      | 7.14E-07    | 0.129      | 9.49E-05    | 3.53E-08    |   F2   |
|    4     | 0.34865 | 0.3549  | 1.88E-05   | 1.41E-07    | 0.296      | 2.79E-12    | 4.08E-05    |   F2   |
|    5     | 0.00025 | 0.59173 | 0.40794    | 7.10E-07    | 4.15E-05    | 9.43E-06    | 2.26E-05    |   F2   |
| Average  | 0.14541 | 0.54426 | 0.09131    | 0.00048     | 0.2185     | 2.85E-05    | 1.8E-05     |   F2   |

**The BPAs of vibration data**

| Test Set |    F1   |    F2   |     F3     |      F4     |     F5      |      F6     |     F7      | Result |
|----------|---------|---------|------------|-------------|------------|-------------|------------|--------|
|    1     | 0.00206 | 0.27046 | 0.21011    | 0.0895      | 0.23721    | 0.00399     | 0.18668    |   F2   |
|    2     | 0.00311 | 0.19419 | 0.23690    | 0.10321     | 0.32976    | 0.00251     | 0.13033    |   F5   |
|    3     | 0.03380 | 0.22593 | 0.22878    | 0.19659     | 0.10742    | 0.06952     | 0.13796    |   F3   |
|    4     | 0.01118 | 0.17228 | 0.16377    | 0.24981     | 0.15730    | 0.00541     | 0.24026    |   F4   |
|    5     | 0.02225 | 0.22182 | 0.21580    | 0.05342     | 0.19761    | 0.20296     | 0.08613    |   F2   |
| Average  | 0.01448 | 0.21693 | 0.21107    | 0.13851     | 0.20586    | 0.05688     | 0.15627    |   F2   |

## ***3)Type 3 (Rolling pin wear(8mm))<br>***
**The BPAs of motor data**

| Test Set |    F1   |    F2   |     F3     |      F4     |     F5      |      F6     |     F7      | Result |
|----------|---------|---------|------------|-------------|------------|-------------|------------|--------|
|    1     | 3.13E-06 | 0.00022 | 0.94286    | 0.00633     | 0.03786    | 4.30E-08    | 0.01273    |   F3   |
|    2     | 7.78E-06 | 0.02892 | 0.93019    | 0.00611     | 0.02432    | 3.69E-08    | 0.01045    |   F3   |
|    3     | 1.07E-08 | 0.00149 | 0.39408    | 0.36453     | 0.23962    | 4.98E-06    | 0.00027    |   F3   |
|    4     | 3.16E-06 | 0.12311 | 0.39284    | 0.00084     | 0.46366    | 8.21E-06    | 0.01953    |   F5   |
|    5     | 0.00011  | 9.83E-05 | 0.94221  | 0.00496     | 0.05127    | 1.17E-08    | 0.00136    |   F3   |
| Average  | 2.45E-05 | 0.03077 | 0.72044    | 0.07655     | 0.16335    | 2.66E-06    | 0.00887    |   F3   |

**The BPAs of vibration data**

| Test Set |    F1   |    F2   |     F3     |      F4     |     F5      |      F6     |     F7      | Result |
|----------|---------|---------|------------|-------------|------------|-------------|------------|--------|
|    1     | 0.00239 | 0.19976 | 0.18810    | 0.18902     | 0.19886    | 0.00514     | 0.21674    |   F7   |
|    2     | 0.02720 | 0.21684 | 0.22689    | 0.19056     | 0.10487    | 0.11149     | 0.12215    |   F3   |
|    3     | 0.01663 | 0.19233 | 0.22022    | 0.20226     | 0.15443    | 0.03695     | 0.17719    |   F3   |
|    4     | 0.00668 | 0.23469 | 0.33623    | 0.0206      | 0.33198    | 0.02426     | 0.04556    |   F3   |
|    5     | 0.00497 | 0.18959 | 0.20106    | 0.09134     | 0.34506    | 0.00896     | 0.15902    |   F5   |
| Average  | 0.01157 | 0.20664 | 0.2345     | 0.13876     | 0.22704    | 0.03736     | 0.14413    |   F3   |
## ***4)Type 4 (Rolling pin wear(7mm))<br>***









